

                0.                -2.09491E+06       -1.16769E+06     -909.137E+03       -736.698E+03       -456.257E+03       -642.547E+03       -582.734E+03       -533.022E+03       -490.333E+03       -438.817E+03          2.E+03             2.E+03             2.E+03             2.E+03             2.E+03             2.E+03             2.E+03             2.E+03             2.E+03             2.E+03     
                1.E-03            -1.91972E+06       -1.16089E+06     -907.242E+03       -735.434E+03       -456.007E+03       -641.857E+03       -582.296E+03       -532.658E+03       -490.02E+03        -438.689E+03          1.86907E+03        1.92702E+03        1.94318E+03        1.95396E+03        1.97148E+03        1.95984E+03        1.96358E+03        1.96669E+03        1.96935E+03        1.97257E+03
                2.E-03            -1.58211E+06       -1.14298E+06     -901.629E+03       -731.652E+03       -455.259E+03       -639.795E+03       -580.984E+03       -531.566E+03       -489.082E+03       -438.308E+03          1.76004E+03        1.85489E+03        1.88659E+03        1.90807E+03        1.943E+03          1.91977E+03        1.92721E+03        1.93342E+03        1.93875E+03        1.94516E+03
                3.E-03            -1.32187E+06       -1.06445E+06     -892.479E+03       -725.379E+03       -454.015E+03       -636.387E+03       -578.811E+03       -529.749E+03       -487.521E+03       -437.678E+03          1.6713E+03         1.78415E+03        1.83048E+03        1.8625E+03         1.91458E+03        1.87987E+03        1.89096E+03        1.90024E+03        1.90822E+03        1.91779E+03
                4.E-03            -1.15429E+06     -908.862E+03       -880.808E+03       -716.656E+03       -452.28E+03        -631.675E+03       -575.794E+03       -527.214E+03       -485.342E+03       -436.808E+03          1.5948E+03         1.72183E+03        1.77503E+03        1.8174E+03         1.88625E+03        1.84022E+03        1.85486E+03        1.8672E+03         1.87781E+03        1.89045E+03
                5.E-03            -1.02275E+06     -795.94E+03        -803.346E+03       -705.527E+03       -450.06E+03        -625.717E+03       -571.958E+03       -523.967E+03       -482.549E+03       -435.712E+03          1.52702E+03        1.67054E+03        1.72037E+03        1.77292E+03        1.85804E+03        1.80091E+03        1.81898E+03        1.83434E+03        1.84755E+03        1.86318E+03
                6.E-03          -906.195E+03       -752.983E+03       -658.329E+03       -687.342E+03       -447.364E+03       -618.589E+03       -567.333E+03       -520.016E+03       -479.148E+03       -434.405E+03          1.46696E+03        1.62234E+03        1.67462E+03        1.72921E+03        1.82999E+03        1.762E+03          1.78337E+03        1.8017E+03         1.81749E+03        1.83599E+03
                7.E-03          -802.924E+03       -715.688E+03       -577.304E+03       -596.294E+03       -444.203E+03       -610.453E+03       -561.958E+03       -515.371E+03       -475.149E+03       -432.908E+03          1.41374E+03        1.57642E+03        1.63808E+03        1.687E+03          1.80212E+03        1.72358E+03        1.74807E+03        1.76934E+03        1.78766E+03        1.80888E+03
                8.E-03          -711.422E+03       -677.114E+03       -561.914E+03       -511.148E+03       -440.587E+03       -529.238E+03       -555.871E+03       -510.044E+03       -470.56E+03        -431.246E+03          1.36659E+03        1.53288E+03        1.60245E+03        1.65467E+03        1.77446E+03        1.6857E+03         1.71312E+03        1.73728E+03        1.7581E+03         1.78188E+03
                9.E-03          -630.348E+03       -638.037E+03       -544.836E+03       -498.544E+03       -436.532E+03       -448.287E+03       -476.888E+03       -504.045E+03       -465.392E+03       -429.447E+03          1.32481E+03        1.49178E+03        1.56784E+03        1.62311E+03        1.74705E+03        1.65743E+03        1.67858E+03        1.70558E+03        1.72884E+03        1.75498E+03
               10.E-03          -558.513E+03       -599.073E+03       -526.392E+03       -485.263E+03       -432.055E+03       -439.888E+03       -398.323E+03       -435.764E+03       -449.051E+03       -427.544E+03          1.2878E+03         1.45312E+03        1.53435E+03        1.59235E+03        1.7199E+03         1.62966E+03        1.65351E+03        1.67428E+03        1.69992E+03        1.7282E+03 
               11.E-03          -494.864E+03       -560.703E+03       -506.883E+03       -471.378E+03       -393.708E+03       -430.823E+03       -392.437E+03       -368.032E+03       -393.236E+03       -425.575E+03          1.255E+03          1.41689E+03        1.50204E+03        1.56245E+03        1.69304E+03        1.60244E+03        1.62879E+03        1.65111E+03        1.67271E+03        1.70153E+03
               12.E-03          -438.469E+03       -523.299E+03       -486.585E+03       -456.974E+03       -345.34E+03        -421.164E+03       -385.988E+03       -362.622E+03       -348.398E+03       -360.833E+03          1.22594E+03        1.38304E+03        1.47099E+03        1.53343E+03        1.67068E+03        1.57581E+03        1.60446E+03        1.62827E+03        1.65077E+03        1.675E+03  
               13.E-03          -388.5E+03         -487.138E+03       -465.749E+03       -442.135E+03       -330.547E+03       -410.98E+03        -379.024E+03       -356.87E+03        -343.019E+03       -296.318E+03          1.20019E+03        1.35148E+03        1.44122E+03        1.50533E+03        1.64987E+03        1.5498E+03         1.58054E+03        1.60578E+03        1.62916E+03        1.65643E+03
               14.E-03          -344.227E+03       -452.422E+03       -444.599E+03       -426.95E+03        -325.599E+03       -400.34E+03        -371.591E+03       -350.792E+03       -337.438E+03       -294.541E+03          1.17738E+03        1.32214E+03        1.41277E+03        1.47816E+03        1.62937E+03        1.52444E+03        1.55708E+03        1.58366E+03        1.60789E+03        1.63796E+03
               15.E-03          -304.998E+03       -419.293E+03       -423.334E+03       -411.506E+03       -320.478E+03       -389.309E+03       -363.737E+03       -344.411E+03       -331.661E+03       -292.309E+03          1.15716E+03        1.29493E+03        1.38565E+03        1.45196E+03        1.60917E+03        1.49975E+03        1.53409E+03        1.56193E+03        1.58698E+03        1.61961E+03
               16.E-03          -270.24E+03        -387.839E+03       -402.129E+03       -395.889E+03       -315.193E+03       -377.953E+03       -355.508E+03       -337.745E+03       -325.696E+03       -289.665E+03          1.13925E+03        1.26973E+03        1.35985E+03        1.42673E+03        1.58931E+03        1.47577E+03        1.51161E+03        1.54061E+03        1.56643E+03        1.60142E+03
               17.E-03          -239.443E+03       -358.108E+03       -381.133E+03       -380.18E+03        -309.754E+03       -366.334E+03       -346.95E+03        -330.82E+03        -319.556E+03       -286.646E+03          1.12338E+03        1.24645E+03        1.33538E+03        1.40247E+03        1.56977E+03        1.45251E+03        1.48965E+03        1.51972E+03        1.54626E+03        1.58341E+03
               18.E-03          -212.156E+03       -330.117E+03       -360.475E+03       -364.458E+03       -304.171E+03       -354.512E+03       -338.108E+03       -323.658E+03       -313.25E+03        -283.288E+03          1.10932E+03        1.22497E+03        1.31221E+03        1.3792E+03         1.55059E+03        1.42998E+03        1.46824E+03        1.49926E+03        1.52649E+03        1.56559E+03
               19.E-03          -187.979E+03       -303.855E+03       -340.262E+03       -348.793E+03       -298.455E+03       -342.545E+03       -329.026E+03       -316.284E+03       -306.792E+03       -279.625E+03          1.09686E+03        1.20518E+03        1.29032E+03        1.35692E+03        1.53175E+03        1.4082E+03         1.44739E+03        1.47926E+03        1.50711E+03        1.54799E+03
               20.E-03          -166.556E+03       -279.291E+03       -320.582E+03       -333.254E+03       -292.618E+03       -330.486E+03       -319.745E+03       -308.723E+03       -300.194E+03       -275.685E+03          1.08583E+03        1.18699E+03        1.26968E+03        1.3356E+03         1.51328E+03        1.38716E+03        1.42711E+03        1.45972E+03        1.48814E+03        1.53064E+03
               21.E-03          -147.576E+03       -256.38E+03        -301.507E+03       -317.901E+03       -286.669E+03       -318.386E+03       -310.307E+03       -301.001E+03       -293.471E+03       -271.497E+03          1.07604E+03        1.17027E+03        1.25025E+03        1.31526E+03        1.49518E+03        1.36689E+03        1.40742E+03        1.44067E+03        1.46958E+03        1.51353E+03
               22.E-03          -130.758E+03       -235.063E+03       -283.094E+03       -302.788E+03       -280.62E+03        -306.293E+03       -300.751E+03       -293.143E+03       -286.639E+03       -267.087E+03          1.06738E+03        1.15494E+03        1.23199E+03        1.29587E+03        1.47745E+03        1.34737E+03        1.38833E+03        1.4221E+03         1.45145E+03        1.4967E+03 
               23.E-03          -115.856E+03       -215.276E+03       -265.385E+03       -287.963E+03       -274.483E+03       -294.252E+03       -291.113E+03       -285.173E+03       -279.71E+03        -262.478E+03          1.0597E+03         1.14089E+03        1.21486E+03        1.27741E+03        1.4601E+03         1.3286E+03         1.36983E+03        1.40403E+03        1.43375E+03        1.48015E+03
               24.E-03          -102.653E+03       -196.945E+03       -248.411E+03       -273.47E+03        -268.269E+03       -282.303E+03       -281.429E+03       -277.116E+03       -272.702E+03       -257.694E+03          1.0529E+03         1.12803E+03        1.19882E+03        1.25987E+03        1.44314E+03        1.31058E+03        1.35194E+03        1.38645E+03        1.41649E+03        1.46389E+03
               25.E-03           -90.9548E+03      -179.997E+03       -232.191E+03       -259.344E+03       -261.991E+03       -270.483E+03       -271.733E+03       -268.995E+03       -265.629E+03       -252.754E+03          1.04687E+03        1.11627E+03        1.18381E+03        1.24323E+03        1.42656E+03        1.29331E+03        1.33465E+03        1.36939E+03        1.39967E+03        1.44794E+03
               26.E-03           -80.5895E+03      -164.354E+03       -216.735E+03       -245.616E+03       -255.659E+03       -258.827E+03       -262.054E+03       -260.835E+03       -258.507E+03       -247.679E+03          1.04153E+03        1.10553E+03        1.16979E+03        1.22745E+03        1.41039E+03        1.27677E+03        1.31797E+03        1.35283E+03        1.38329E+03        1.4323E+03 
               27.E-03           -71.4054E+03      -149.939E+03       -202.048E+03       -232.311E+03       -249.286E+03       -247.364E+03       -252.423E+03       -252.656E+03       -251.35E+03        -242.487E+03          1.03679E+03        1.09573E+03        1.15672E+03        1.21252E+03        1.39461E+03        1.26096E+03        1.30189E+03        1.33678E+03        1.36735E+03        1.41698E+03
               28.E-03           -63.268E+03       -136.674E+03       -188.124E+03       -219.449E+03       -242.882E+03       -236.122E+03       -242.867E+03       -244.481E+03       -244.175E+03       -237.196E+03          1.0326E+03         1.08679E+03        1.14454E+03        1.19841E+03        1.37923E+03        1.24585E+03        1.28642E+03        1.32125E+03        1.35187E+03        1.40198E+03
               29.E-03           -56.0579E+03      -124.486E+03       -174.955E+03       -207.047E+03       -236.459E+03       -225.125E+03       -233.409E+03       -236.33E+03        -236.995E+03       -231.821E+03          1.02889E+03        1.07864E+03        1.1332E+03         1.18509E+03        1.36425E+03        1.23144E+03        1.27154E+03        1.30622E+03        1.33683E+03        1.38733E+03
               30.E-03           -49.6695E+03      -113.301E+03       -162.525E+03       -195.115E+03       -230.028E+03       -214.392E+03       -224.072E+03       -228.222E+03       -229.824E+03       -226.378E+03          1.02559E+03        1.07123E+03        1.12267E+03        1.17253E+03        1.34967E+03        1.21771E+03        1.25724E+03        1.2917E+03         1.32224E+03        1.37301E+03
               31.E-03           -44.0091E+03      -103.048E+03       -150.817E+03       -183.661E+03       -223.601E+03       -203.942E+03       -214.878E+03       -220.174E+03       -222.677E+03       -220.882E+03          1.02268E+03        1.06448E+03        1.11289E+03        1.1607E+03         1.33549E+03        1.20464E+03        1.24353E+03        1.27769E+03        1.3081E+03         1.35903E+03
               32.E-03           -38.9938E+03       -93.6606E+03      -139.809E+03       -172.689E+03       -217.187E+03       -193.789E+03       -205.843E+03       -212.204E+03       -215.567E+03       -215.345E+03          1.02009E+03        1.05835E+03        1.10382E+03        1.14958E+03        1.32172E+03        1.19222E+03        1.23038E+03        1.26418E+03        1.29441E+03        1.3454E+03 
               33.E-03           -34.55E+03         -85.0746E+03      -129.478E+03       -162.198E+03       -210.796E+03       -183.945E+03       -196.986E+03       -204.327E+03       -208.506E+03       -209.782E+03          1.0178E+03         1.05277E+03        1.09541E+03        1.13912E+03        1.30835E+03        1.18042E+03        1.2178E+03         1.25117E+03        1.28116E+03        1.33211E+03
               34.E-03           -30.6126E+03       -77.2291E+03      -119.797E+03       -152.187E+03       -204.44E+03        -174.42E+03        -188.319E+03       -196.558E+03       -201.507E+03       -204.204E+03          1.01577E+03        1.04771E+03        1.08763E+03        1.1293E+03         1.29537E+03        1.16923E+03        1.20576E+03        1.23864E+03        1.26835E+03        1.31917E+03
               35.E-03           -27.124E+03        -70.0669E+03      -110.74E+03        -142.651E+03       -198.126E+03       -165.221E+03       -179.857E+03       -188.91E+03        -194.579E+03       -198.622E+03          1.01398E+03        1.04312E+03        1.08044E+03        1.12009E+03        1.28279E+03        1.15862E+03        1.19426E+03        1.2266E+03         1.25597E+03        1.30659E+03
               36.E-03           -24.0329E+03       -63.5341E+03      -102.279E+03       -133.582E+03       -191.864E+03       -156.353E+03       -171.608E+03       -181.394E+03       -187.735E+03       -193.048E+03          1.01238E+03        1.03895E+03        1.07379E+03        1.11147E+03        1.2706E+03         1.14857E+03        1.18328E+03        1.21503E+03        1.24402E+03        1.29435E+03
               37.E-03           -21.2941E+03       -57.5804E+03       -94.3866E+03      -124.972E+03       -185.663E+03       -147.819E+03       -163.584E+03       -174.022E+03       -180.984E+03       -187.491E+03          1.01097E+03        1.03518E+03        1.06765E+03        1.1034E+03         1.25881E+03        1.13907E+03        1.17281E+03        1.20392E+03        1.2325E+03         1.28245E+03
               38.E-03           -18.8674E+03       -52.1585E+03       -87.0333E+03      -116.811E+03       -179.53E+03        -139.62E+03        -155.79E+03        -166.803E+03       -174.335E+03       -181.961E+03          1.00972E+03        1.03176E+03        1.06199E+03        1.09585E+03        1.2474E+03         1.1301E+03         1.16283E+03        1.19328E+03        1.2214E+03         1.27091E+03
               39.E-03           -16.7173E+03       -47.2245E+03       -80.1913E+03      -109.086E+03       -173.473E+03       -131.754E+03       -148.234E+03       -159.745E+03       -167.797E+03       -176.467E+03          1.00861E+03        1.02866E+03        1.05677E+03        1.0888E+03         1.23637E+03        1.12162E+03        1.15333E+03        1.18307E+03        1.21071E+03        1.25971E+03
               40.E-03           -14.8121E+03       -42.7378E+03       -73.8324E+03      -101.784E+03       -167.5E+03         -124.222E+03       -140.919E+03       -152.856E+03       -161.376E+03       -171.016E+03          1.00763E+03        1.02585E+03        1.05197E+03        1.08221E+03        1.22571E+03        1.11363E+03        1.1443E+03         1.17331E+03        1.20043E+03        1.24885E+03
               41.E-03           -13.1241E+03       -38.6603E+03       -67.9293E+03       -94.8923E+03      -161.616E+03       -117.018E+03       -133.848E+03       -146.142E+03       -155.08E+03        -165.617E+03          1.00676E+03        1.02332E+03        1.04754E+03        1.07607E+03        1.21543E+03        1.10609E+03        1.13572E+03        1.16397E+03        1.19054E+03        1.23833E+03
               42.E-03           -11.6285E+03       -34.9572E+03       -62.4552E+03       -88.3957E+03      -155.828E+03       -110.138E+03       -127.025E+03       -139.608E+03       -148.916E+03       -160.277E+03          1.00599E+03        1.02102E+03        1.04348E+03        1.07035E+03        1.20551E+03        1.099E+03          1.12757E+03        1.15504E+03        1.18104E+03        1.22815E+03
               43.E-03           -10.3033E+03       -31.596E+03        -57.3842E+03       -82.2793E+03      -150.142E+03       -103.577E+03       -120.449E+03       -133.259E+03       -142.887E+03       -155.001E+03          1.00531E+03        1.01895E+03        1.03974E+03        1.06502E+03        1.19595E+03        1.09233E+03        1.11984E+03        1.14652E+03        1.17192E+03        1.2183E+03 
               44.E-03            -9.12911E+03      -28.5468E+03       -52.6912E+03       -76.5278E+03      -144.562E+03        -97.3279E+03      -114.12E+03        -127.097E+03       -137.E+03          -149.797E+03          1.0047E+03         1.01707E+03        1.0363E+03         1.06007E+03        1.18674E+03        1.08605E+03        1.11251E+03        1.13838E+03        1.16318E+03        1.20877E+03
               45.E-03            -8.08875E+03      -25.7823E+03       -48.352E+03        -71.1257E+03      -139.092E+03        -91.384E+03       -108.037E+03       -121.125E+03       -131.258E+03       -144.67E+03           1.00417E+03        1.01538E+03        1.03315E+03        1.05546E+03        1.17788E+03        1.08016E+03        1.10557E+03        1.13063E+03        1.1548E+03         1.19957E+03
               46.E-03            -7.16694E+03      -23.2772E+03       -44.3437E+03       -66.0574E+03      -133.738E+03        -85.7369E+03      -102.199E+03       -115.346E+03       -125.665E+03       -139.625E+03          1.00369E+03        1.01385E+03        1.03026E+03        1.05117E+03        1.16936E+03        1.07463E+03        1.09901E+03        1.12324E+03        1.14677E+03        1.19069E+03
               47.E-03            -6.35019E+03      -21.0081E+03       -40.6441E+03       -61.3074E+03      -128.502E+03        -80.3783E+03       -96.6014E+03      -109.759E+03       -120.223E+03       -134.666E+03          1.00327E+03        1.01247E+03        1.02761E+03        1.0472E+03         1.16116E+03        1.06944E+03        1.0928E+03         1.11621E+03        1.13909E+03        1.18212E+03
               48.E-03            -5.62651E+03      -18.954E+03        -37.2324E+03       -56.8603E+03      -123.387E+03        -75.2993E+03       -91.2419E+03      -104.365E+03       -114.934E+03       -129.797E+03          1.0029E+03         1.01122E+03        1.02518E+03        1.04351E+03        1.15329E+03        1.06458E+03        1.08693E+03        1.10952E+03        1.13174E+03        1.17386E+03
               49.E-03            -4.9853E+03       -17.0951E+03       -34.0886E+03       -52.7008E+03      -118.396E+03        -70.4905E+03       -86.1161E+03       -99.1629E+03      -109.8E+03         -125.022E+03          1.00257E+03        1.0101E+03         1.02295E+03        1.04009E+03        1.14574E+03        1.06003E+03        1.08139E+03        1.10316E+03        1.12472E+03        1.1659E+03 
               50.E-03            -4.41716E+03      -15.4138E+03       -31.1938E+03       -48.8142E+03      -113.531E+03        -65.9424E+03       -81.2194E+03       -94.1524E+03      -104.822E+03       -120.344E+03          1.00228E+03        1.00909E+03        1.02092E+03        1.03692E+03        1.13849E+03        1.05577E+03        1.07617E+03        1.09713E+03        1.11802E+03        1.15823E+03
               51.E-03            -3.91377E+03      -13.8937E+03       -28.5304E+03       -45.1858E+03      -108.794E+03        -61.6455E+03       -76.5466E+03       -89.3314E+03      -100.E+03          -115.766E+03          1.00202E+03        1.00817E+03        1.01905E+03        1.03399E+03        1.13155E+03        1.05179E+03        1.07124E+03        1.0914E+03         1.11162E+03        1.15085E+03
               52.E-03            -3.46775E+03      -12.5198E+03       -26.0815E+03       -41.8015E+03      -104.185E+03        -57.5897E+03       -72.0922E+03       -84.6979E+03       -95.3352E+03      -111.29E+03           1.00179E+03        1.00735E+03        1.01735E+03        1.03128E+03        1.12489E+03        1.04807E+03        1.0666E+03         1.08596E+03        1.10552E+03        1.14376E+03
               53.E-03            -3.07255E+03      -11.2786E+03       -23.8314E+03       -38.6477E+03       -99.7067E+03       -53.7654E+03       -67.8503E+03       -80.2491E+03       -90.8259E+03      -106.919E+03          1.00158E+03        1.00661E+03        1.01579E+03        1.02876E+03        1.11852E+03        1.04459E+03        1.06223E+03        1.08081E+03        1.0997E+03         1.13694E+03
               54.E-03            -2.72239E+03      -10.1577E+03       -21.7653E+03       -35.711E+03        -95.3582E+03       -50.1627E+03       -63.8149E+03       -75.982E+03        -86.4717E+03      -102.653E+03          1.0014E+03         1.00594E+03        1.01437E+03        1.02644E+03        1.11243E+03        1.04134E+03        1.05812E+03        1.07593E+03        1.09417E+03        1.13039E+03
               55.E-03            -2.41214E+03       -9.1458E+03       -19.8693E+03       -32.9788E+03       -91.1399E+03       -46.7718E+03       -59.9796E+03       -71.8933E+03       -82.2711E+03       -98.494E+03          1.00124E+03        1.00534E+03        1.01307E+03        1.0243E+03         1.1066E+03         1.03832E+03        1.05425E+03        1.07131E+03        1.0889E+03         1.12411E+03
               56.E-03            -2.13724E+03       -8.23258E+03      -18.1305E+03       -30.4387E+03       -87.0516E+03       -43.5831E+03       -56.3379E+03       -67.9792E+03       -78.2227E+03       -94.4428E+03         1.0011E+03         1.0048E+03         1.01189E+03        1.02232E+03        1.10104E+03        1.0355E+03         1.05062E+03        1.06694E+03        1.08388E+03        1.11808E+03
               57.E-03            -1.89366E+03       -7.40871E+03      -16.5367E+03       -28.079E+03        -83.0928E+03       -40.587E+03        -52.8832E+03       -64.2358E+03       -74.3245E+03       -90.5E+03            1.00098E+03        1.00431E+03        1.01081E+03        1.0205E+03         1.09572E+03        1.03287E+03        1.04721E+03        1.06281E+03        1.07912E+03        1.1123E+03 
               58.E-03            -1.67785E+03       -6.66566E+03      -15.0768E+03       -25.8885E+03       -79.2625E+03       -37.7743E+03       -49.6087E+03       -60.6587E+03       -70.5741E+03       -86.6658E+03         1.00086E+03        1.00387E+03        1.00982E+03        1.01881E+03        1.09065E+03        1.03042E+03        1.04401E+03        1.05891E+03        1.07459E+03        1.10677E+03
               59.E-03            -1.48662E+03       -5.99573E+03      -13.7401E+03       -23.8564E+03       -75.5595E+03       -35.1358E+03       -46.5076E+03       -57.2436E+03       -66.9691E+03       -82.94E+03           1.00077E+03        1.00347E+03        1.00892E+03        1.01726E+03        1.08582E+03        1.02815E+03        1.04101E+03        1.05523E+03        1.0703E+03         1.10147E+03
               60.E-03            -1.31719E+03       -5.39189E+03      -12.517E+03        -21.9727E+03       -71.9824E+03       -32.6626E+03       -43.5733E+03       -53.9859E+03       -63.5066E+03       -79.3225E+03         1.00068E+03        1.00312E+03        1.0081E+03         1.01583E+03        1.08121E+03        1.02603E+03        1.0382E+03         1.05176E+03        1.06622E+03        1.0964E+03 
               61.E-03            -1.16706E+03       -4.84778E+03      -11.3983E+03       -20.2275E+03       -68.5296E+03       -30.3461E+03       -40.7988E+03       -50.8808E+03       -60.1836E+03       -75.8125E+03         1.0006E+03         1.0028E+03         1.00736E+03        1.01451E+03        1.07682E+03        1.02407E+03        1.03556E+03        1.04848E+03        1.06236E+03        1.09156E+03
               62.E-03            -1.03404E+03       -4.35761E+03      -10.3756E+03       -18.6117E+03       -65.1991E+03       -28.178E+03        -38.1776E+03       -47.9235E+03       -56.997E+03        -72.4093E+03         1.00053E+03        1.00251E+03        1.00668E+03        1.0133E+03         1.07264E+03        1.02224E+03        1.0331E+03         1.0454E+03         1.0587E+03         1.08693E+03
               63.E-03          -916.171             -3.91616E+03       -9.4411E+03       -17.1167E+03       -61.9888E+03       -26.15E+03         -35.7029E+03       -45.109E+03        -53.9434E+03       -69.1118E+03         1.00047E+03        1.00226E+03        1.00606E+03        1.01219E+03        1.06867E+03        1.02054E+03        1.03079E+03        1.04249E+03        1.05523E+03        1.0825E+03 
               64.E-03          -811.735             -3.51868E+03       -8.5876E+03       -15.7342E+03       -58.8964E+03       -24.2545E+03       -33.3683E+03       -42.4324E+03       -51.0193E+03       -65.9187E+03         1.00042E+03        1.00202E+03        1.0055E+03         1.01116E+03        1.06489E+03        1.01897E+03        1.02863E+03        1.03976E+03        1.05195E+03        1.07829E+03
               65.E-03          -719.196             -3.16089E+03       -7.80839E+03      -14.4564E+03       -55.9195E+03       -22.4838E+03       -31.1672E+03       -39.8886E+03       -48.2211E+03       -62.8285E+03         1.00037E+03        1.00182E+03        1.00499E+03        1.01022E+03        1.06131E+03        1.01751E+03        1.02662E+03        1.03719E+03        1.04886E+03        1.07426E+03
               66.E-03          -637.199             -2.83887E+03       -7.09731E+03      -13.2761E+03       -53.0555E+03       -20.8308E+03       -29.0935E+03       -37.4727E+03       -45.545E+03        -59.8396E+03         1.00033E+03        1.00163E+03        1.00452E+03        1.00936E+03        1.0579E+03         1.01616E+03        1.02474E+03        1.03477E+03        1.04593E+03        1.07043E+03
               67.E-03          -564.542             -2.54913E+03       -6.44864E+03      -12.1863E+03       -50.3015E+03       -19.2885E+03       -27.1408E+03       -35.1796E+03       -42.9872E+03       -56.9501E+03         1.00029E+03        1.00146E+03        1.0041E+03         1.00856E+03        1.05467E+03        1.01491E+03        1.02298E+03        1.0325E+03         1.04316E+03        1.06678E+03
               68.E-03          -500.16              -2.28848E+03       -5.85714E+03      -11.1807E+03       -47.6548E+03       -17.8504E+03       -25.3032E+03       -33.0043E+03       -40.5438E+03       -54.158E+03          1.00026E+03        1.00131E+03        1.00372E+03        1.00783E+03        1.05161E+03        1.01375E+03        1.02135E+03        1.03038E+03        1.04055E+03        1.06331E+03
               69.E-03          -443.108             -2.05404E+03       -5.31793E+03      -10.253E+03        -45.1122E+03       -16.5099E+03       -23.5749E+03       -30.9419E+03       -38.211E+03        -51.4613E+03         1.00023E+03        1.00118E+03        1.00337E+03        1.00716E+03        1.04872E+03        1.01268E+03        1.01982E+03        1.02838E+03        1.03809E+03        1.06001E+03
               70.E-03          -392.552             -1.84322E+03       -4.82657E+03       -9.39774E+03      -42.6708E+03       -15.2612E+03       -21.9501E+03       -28.9875E+03       -35.9847E+03       -48.8577E+03         1.0002E+03         1.00105E+03        1.00305E+03        1.00655E+03        1.04598E+03        1.01169E+03        1.0184E+03         1.02651E+03        1.03578E+03        1.05688E+03
               71.E-03          -347.749             -1.65366E+03       -4.37894E+03       -8.60945E+03      -40.3275E+03       -14.0985E+03       -20.4234E+03       -27.1362E+03       -33.861E+03        -46.3447E+03         1.00018E+03        1.00094E+03        1.00276E+03        1.00599E+03        1.04338E+03        1.01077E+03        1.01708E+03        1.02476E+03        1.0336E+03         1.05391E+03
               72.E-03          -308.044             -1.48323E+03       -3.97126E+03       -7.88316E+03      -38.0789E+03       -13.0162E+03       -18.9893E+03       -25.3834E+03       -31.8358E+03       -43.9199E+03         1.00016E+03        1.00085E+03        1.0025E+03         1.00547E+03        1.04093E+03        1.00992E+03        1.01585E+03        1.02312E+03        1.03154E+03        1.05109E+03
               73.E-03          -272.853             -1.33004E+03       -3.60004E+03       -7.21421E+03      -35.9218E+03       -12.0091E+03       -17.6428E+03       -23.7242E+03       -29.9052E+03       -41.5808E+03         1.00014E+03        1.00076E+03        1.00227E+03        1.005E+03          1.03862E+03        1.00914E+03        1.0147E+03         1.02158E+03        1.02962E+03        1.04842E+03
               74.E-03          -241.662             -1.19234E+03       -3.26209E+03       -6.59824E+03      -33.8529E+03       -11.0724E+03       -16.3789E+03       -22.1542E+03       -28.0652E+03       -39.3245E+03         1.00013E+03        1.00068E+03        1.00205E+03        1.00457E+03        1.03644E+03        1.00842E+03        1.01364E+03        1.02015E+03        1.02781E+03        1.04589E+03
               75.E-03          -214.014             -1.06857E+03       -2.95449E+03       -6.03117E+03      -31.8688E+03       -10.2011E+03       -15.1928E+03       -20.6689E+03       -26.3119E+03       -37.1485E+03         1.00011E+03        1.00061E+03        1.00186E+03        1.00418E+03        1.03439E+03        1.00776E+03        1.01266E+03        1.01881E+03        1.02611E+03        1.0435E+03 
               76.E-03          -189.502           -957.33              -2.67452E+03       -5.50919E+03      -29.9662E+03        -9.39107E+03      -14.0799E+03       -19.2638E+03       -24.6412E+03       -35.0499E+03         1.0001E+03         1.00055E+03        1.00168E+03        1.00382E+03        1.03246E+03        1.00715E+03        1.01174E+03        1.01757E+03        1.02452E+03        1.04125E+03
               77.E-03          -167.767           -857.344             -2.41973E+03       -5.02876E+03      -28.1417E+03        -8.63789E+03      -13.0356E+03       -17.9347E+03       -23.0494E+03       -33.0258E+03         1.00009E+03        1.00049E+03        1.00153E+03        1.00349E+03        1.03065E+03        1.00658E+03        1.0109E+03         1.0164E+03         1.02303E+03        1.03912E+03
               78.E-03          -148.492           -767.465             -2.18783E+03       -4.58658E+03      -26.3917E+03        -7.93761E+03      -12.0559E+03       -16.6774E+03       -21.5326E+03       -31.0733E+03         1.00008E+03        1.00044E+03        1.00138E+03        1.00319E+03        1.02894E+03        1.00607E+03        1.01011E+03        1.01532E+03        1.02164E+03        1.03712E+03
               79.E-03          -131.393           -686.659             -1.97676E+03       -4.17955E+03      -24.713E+03         -7.28645E+03      -11.1364E+03       -15.4878E+03       -20.0869E+03       -29.1894E+03         1.00007E+03        1.00039E+03        1.00125E+03        1.00292E+03        1.02735E+03        1.00559E+03        1.00939E+03        1.01432E+03        1.02034E+03        1.03524E+03
               80.E-03          -116.22            -613.992             -1.78459E+03       -3.80481E+03      -23.1021E+03        -6.68083E+03      -10.2735E+03       -14.362E+03        -18.7086E+03       -27.3711E+03         1.00006E+03        1.00035E+03        1.00114E+03        1.00267E+03        1.02585E+03        1.00516E+03        1.00872E+03        1.01339E+03        1.01913E+03        1.03347E+03
               81.E-03          -102.751           -548.621             -1.60958E+03       -3.45968E+03      -21.5557E+03        -6.11736E+03       -9.46315E+03      -13.2962E+03       -17.3941E+03       -25.6154E+03         1.00005E+03        1.00032E+03        1.00103E+03        1.00244E+03        1.02446E+03        1.00476E+03        1.0081E+03         1.01253E+03        1.018E+03          1.03182E+03
               82.E-03           -90.7878          -489.785             -1.45013E+03       -3.14168E+03      -20.0702E+03        -5.59285E+03       -8.70187E+03      -12.2865E+03       -16.1396E+03       -23.9192E+03         1.00005E+03        1.00029E+03        1.00093E+03        1.00223E+03        1.02316E+03        1.00439E+03        1.00754E+03        1.01173E+03        1.01695E+03        1.03027E+03
               83.E-03           -80.1552          -436.798             -1.30475E+03       -2.84846E+03      -18.6423E+03        -5.10426E+03       -7.98617E+03      -11.3294E+03       -14.9416E+03       -22.2794E+03         1.00004E+03        1.00026E+03        1.00085E+03        1.00205E+03        1.02195E+03        1.00406E+03        1.00702E+03        1.01099E+03        1.01598E+03        1.02883E+03
               84.E-03           -70.6976          -389.038             -1.17209E+03       -2.57787E+03      -17.2686E+03        -4.64874E+03       -7.31271E+03      -10.4213E+03       -13.7965E+03       -20.6929E+03         1.00004E+03        1.00023E+03        1.00077E+03        1.00188E+03        1.02083E+03        1.00375E+03        1.00654E+03        1.01031E+03        1.01508E+03        1.02748E+03
               85.E-03           -62.2761          -345.944             -1.05091E+03       -2.32789E+03      -15.9459E+03        -4.22357E+03       -6.67829E+03       -9.55869E+03      -12.7009E+03       -19.1566E+03         1.00003E+03        1.00021E+03        1.0007E+03         1.00173E+03        1.01979E+03        1.00348E+03        1.0061E+03         1.00969E+03        1.01426E+03        1.02624E+03
               86.E-03           -54.7675          -307.008           -940.058             -2.09662E+03      -14.6707E+03        -3.82619E+03       -6.07985E+03       -8.73835E+03      -11.6514E+03       -17.6674E+03         1.00003E+03        1.00019E+03        1.00064E+03        1.00159E+03        1.01884E+03        1.00323E+03        1.0057E+03         1.00912E+03        1.0135E+03         1.02509E+03
               87.E-03           -48.0617          -271.769           -838.489             -1.88231E+03      -13.4398E+03        -3.45416E+03       -5.51444E+03       -7.95698E+03      -10.6445E+03       -16.222E+03          1.00003E+03        1.00017E+03        1.00058E+03        1.00146E+03        1.01796E+03        1.003E+03          1.00534E+03        1.00859E+03        1.0128E+03         1.02403E+03
               88.E-03           -42.0603          -239.809           -745.226             -1.6833E+03       -12.2498E+03        -3.10518E+03       -4.97924E+03       -7.2114E+03        -9.67706E+03      -14.8175E+03         1.00002E+03        1.00015E+03        1.00053E+03        1.00135E+03        1.01716E+03        1.00279E+03        1.00501E+03        1.00812E+03        1.01217E+03        1.02306E+03
               89.E-03           -36.6754          -210.748           -659.372             -1.49803E+03      -11.0976E+03        -2.77703E+03       -4.4715E+03        -6.49855E+03       -8.74575E+03      -13.4506E+03         1.00002E+03        1.00014E+03        1.00049E+03        1.00125E+03        1.01643E+03        1.00261E+03        1.00472E+03        1.00769E+03        1.01159E+03        1.02218E+03
               90.E-03           -31.828           -184.238           -580.094             -1.32506E+03       -9.9798E+03        -2.46762E+03       -3.9886E+03        -5.8154E+03        -7.84737E+03      -12.1182E+03         1.00002E+03        1.00013E+03        1.00045E+03        1.00117E+03        1.01577E+03        1.00245E+03        1.00446E+03        1.00731E+03        1.01107E+03        1.02138E+03
               91.0001E-03       -27.4472          -159.962           -506.617             -1.16301E+03       -8.89328E+03       -2.17497E+03       -3.52799E+03       -5.15903E+03       -6.97879E+03      -10.8172E+03         1.00002E+03        1.00012E+03        1.00042E+03        1.00109E+03        1.01518E+03        1.0023E+03         1.00422E+03        1.00697E+03        1.01061E+03        1.02066E+03
               92.0001E-03       -23.4687          -137.628           -438.222             -1.01058E+03       -7.83483E+03       -1.89715E+03       -3.08722E+03       -4.52657E+03       -6.13687E+03       -9.5443E+03         1.00002E+03        1.00011E+03        1.00039E+03        1.00102E+03        1.01466E+03        1.00217E+03        1.00401E+03        1.00666E+03        1.0102E+03         1.02003E+03
               93.0001E-03       -19.8342          -116.968           -374.233           -866.537             -6.80126E+03       -1.63232E+03       -2.66389E+03       -3.91521E+03       -5.31855E+03       -8.29649E+03        1.00001E+03        1.0001E+03         1.00036E+03        1.00096E+03        1.0142E+03         1.00206E+03        1.00384E+03        1.0064E+03         1.00984E+03        1.01947E+03
               94.0001E-03       -16.4904           -97.7314          -314.015           -729.712             -5.78943E+03       -1.37872E+03       -2.25568E+03       -3.32219E+03       -4.52081E+03       -7.0706E+03         1.00001E+03        1.00009E+03        1.00034E+03        1.00091E+03        1.01381E+03        1.00197E+03        1.00368E+03        1.00617E+03        1.00954E+03        1.01899E+03
               95.0001E-03       -13.3884           -79.6857          -256.966           -598.98              -4.79619E+03       -1.13463E+03       -1.86032E+03       -2.7448E+03        -3.74064E+03       -5.8635E+03         1.00001E+03        1.00009E+03        1.00032E+03        1.00087E+03        1.01348E+03        1.00189E+03        1.00355E+03        1.00598E+03        1.00928E+03        1.01859E+03
               96.0001E-03       -10.4825           -62.6116          -202.517           -473.26              -3.81842E+03     -898.391             -1.4756E+03        -2.18037E+03       -2.97506E+03       -4.67203E+03        1.00001E+03        1.00008E+03        1.00031E+03        1.00084E+03        1.01321E+03        1.00183E+03        1.00345E+03        1.00583E+03        1.00907E+03        1.01826E+03
               97.0001E-03        -7.73035          -46.3017          -150.118           -351.51              -2.85301E+03     -668.385             -1.09934E+03       -1.62628E+03       -2.22113E+03       -3.49308E+03        1.00001E+03        1.00008E+03        1.0003E+03         1.00081E+03        1.013E+03          1.00178E+03        1.00337E+03        1.00571E+03        1.00891E+03        1.018E+03  
               98.0001E-03        -5.09146          -30.5571           -99.2402          -232.711             -1.89687E+03     -443.022           -729.397             -1.0799E+03        -1.47591E+03       -2.32351E+03        1.00001E+03        1.00008E+03        1.00029E+03        1.00079E+03        1.01285E+03        1.00175E+03        1.00331E+03        1.00563E+03        1.00879E+03        1.01782E+03
               99.0001E-03        -2.52721          -15.1858           -49.3696          -115.868           -946.891           -220.742           -363.651           -538.669           -736.507             -1.16019E+03        1.00001E+03        1.00008E+03        1.00029E+03        1.00078E+03        1.01276E+03        1.00172E+03        1.00328E+03        1.00558E+03        1.00872E+03        1.01771E+03
              100.E-03            -1.25899           -7.56976          -24.6223           -57.8123          -473.06            -110.179           -181.564           -269.014           -367.891           -579.705              1.00001E+03        1.00008E+03        1.00029E+03        1.00078E+03        1.01273E+03        1.00172E+03        1.00327E+03        1.00556E+03        1.0087E+03         1.01768E+03




